50 50 50 50 50 50 50 50 50 50 50 50 50 50 50 50 50 50 50 50 50 50 50 50 50 100 100 100 100 100 100 100 100 100 100 100 100 100 100 100 100 100 100 100 100 100 100 100 100 100 
50 0 25 12.5 18.75 15.625 17.1875 16.4062 16.7969 16.6016 16.6992 16.6504 16.6748 16.6626 16.6687 16.6656 16.6672 16.6664 16.6668 16.6666 16.6667 16.6667 16.6667 16.6667 41.6667 29.1667 35.4167 32.2917 33.8542 33.0729 33.4635 33.2682 33.3659 33.3171 33.3415 33.3293 33.3354 33.3323 33.3338 33.3331 33.3335 33.3333 33.3334 33.3333 33.3333 33.3333 33.3333 33.3333 33.3333 100 
50 25 17.6777 24.7537 20.0869 22.7839 21.3153 22.087 21.6886 21.8917 21.7889 21.8407 21.8146 21.8277 21.8212 21.8244 21.8228 21.8236 21.8232 21.8234 21.8233 21.8234 21.8233 21.8234 39.3098 46.6387 41.8881 44.6134 43.1363 43.911 43.5117 43.7152 43.6122 43.6641 43.638 43.6511 43.6445 43.6478 43.6462 43.647 43.6466 43.6468 43.6467 43.6467 43.6467 43.6467 43.6467 43.6467 43.6467 100 
50 12.5 24.7537 17.8518 21.9562 19.5395 20.9204 20.1541 20.5689 20.3486 20.4638 20.4042 20.4348 20.4192 20.4271 20.4231 20.4251 20.4241 20.4246 20.4244 20.4245 20.4244 20.4245 20.4245 40.1452 40.0937 41.7306 40.1964 41.2612 40.6085 40.9825 40.777 40.8869 40.8292 40.8591 40.8438 40.8516 40.8476 40.8496 40.8486 40.8491 40.8489 40.849 40.8489 40.8489 40.8489 40.8489 40.8489 40.8489 100 
50 18.75 20.0869 21.9562 19.83 21.4364 20.3808 21.0242 20.6506 20.8602 20.7456 20.807 20.7746 20.7915 20.7828 20.7872 20.785 20.7861 20.7855 20.7858 20.7857 20.7858 20.7857 20.7857 39.9125 42.4243 40.9582 42.0191 41.2675 41.7638 41.4564 41.6375 41.5347 41.5914 41.5608 41.577 41.5686 41.5729 41.5707 41.5718 41.5713 41.5716 41.5714 41.5715 41.5714 41.5715 41.5715 41.5715 41.5715 100 
50 15.625 22.7839 19.5395 21.4364 20.1975 21.0088 20.4944 20.8085 20.6233 20.7293 20.67 20.7025 20.685 20.6943 20.6894 20.692 20.6907 20.6913 20.691 20.6912 20.6911 20.6911 20.6911 39.9739 41.5875 41.527 41.1731 41.5635 41.2501 41.4696 41.3279 41.4144 41.3638 41.3925 41.3766 41.3852 41.3806 41.383 41.3818 41.3824 41.3821 41.3822 41.3822 41.3822 41.3822 41.3822 41.3822 41.3822 100 
50 17.1875 21.3153 20.9204 20.3808 21.0088 20.4998 20.8617 20.6227 20.7727 20.6822 20.7351 20.7049 20.7218 20.7125 20.7175 20.7149 20.7163 20.7155 20.7159 20.7157 20.7158 20.7158 20.7158 39.9578 41.884 41.2206 41.5801 41.315 41.5195 41.3696 41.4727 41.4057 41.4473 41.4224 41.4368 41.4287 41.4332 41.4307 41.432 41.4313 41.4317 41.4315 41.4316 41.4316 41.4316 41.4316 41.4316 41.4316 100 
50 16.4062 22.087 20.1541 21.0242 20.4944 20.8617 20.6039 20.7795 20.6644 20.7371 20.6927 20.7191 20.7038 20.7125 20.7076 20.7103 20.7088 20.7096 20.7092 20.7094 20.7093 20.7094 20.7093 39.962 41.7793 41.3663 41.3848 41.4719 41.3688 41.4582 41.3902 41.4379 41.4063 41.4263 41.4141 41.4213 41.4172 41.4195 41.4182 41.4189 41.4186 41.4188 41.4186 41.4187 41.4187 41.4187 41.4187 41.4187 100 
50 16.7969 21.6886 20.5689 20.6506 20.8085 20.6227 20.7795 20.662 20.7442 20.6895 20.7245 20.7028 20.7159 20.7082 20.7126 20.7101 20.7115 20.7108 20.7112 20.711 20.7111 20.711 20.711 39.9609 41.8161 41.3016 41.4766 41.3839 41.4532 41.3971 41.441 41.4086 41.4312 41.4161 41.4258 41.4198 41.4234 41.4213 41.4225 41.4218 41.4222 41.422 41.4221 41.422 41.4221 41.422 41.4221 41.4221 100 
50 16.6016 21.8917 20.3486 20.8602 20.6233 20.7727 20.6644 20.7442 20.6869 20.7266 20.7002 20.7172 20.7065 20.713 20.7092 20.7114 20.7101 20.7108 20.7104 20.7107 20.7105 20.7106 20.7106 39.9612 41.8032 41.3291 41.4345 41.43 41.4071 41.435 41.4096 41.43 41.4148 41.4255 41.4183 41.423 41.4201 41.4218 41.4208 41.4214 41.421 41.4212 41.4211 41.4212 41.4212 41.4212 41.4212 41.4212 100 
50 16.6992 21.7889 20.4638 20.7456 20.7293 20.6822 20.7371 20.6895 20.7266 20.6994 20.7184 20.7057 20.7139 20.7087 20.7119 20.71 20.7111 20.7105 20.7108 20.7106 20.7107 20.7107 20.7107 39.9611 41.8077 41.3177 41.4534 41.407 41.4315 41.413 41.4285 41.4158 41.4256 41.4184 41.4235 41.42 41.4223 41.4209 41.4217 41.4212 41.4215 41.4213 41.4214 41.4214 41.4214 41.4214 41.4214 41.4214 100 
50 16.6504 21.8407 20.4042 20.807 20.67 20.7351 20.6927 20.7245 20.7002 20.7184 20.7052 20.7144 20.7082 20.7122 20.7097 20.7113 20.7103 20.7109 20.7105 20.7107 20.7106 20.7107 20.7107 39.9612 41.8061 41.3223 41.4451 41.4181 41.4189 41.4252 41.4175 41.4247 41.4187 41.4234 41.4199 41.4223 41.4207 41.4218 41.4211 41.4215 41.4212 41.4214 41.4213 41.4214 41.4213 41.4213 41.4213 41.4213 100 
50 16.6748 21.8146 20.4348 20.7746 20.7025 20.7049 20.7191 20.7028 20.7172 20.7057 20.7144 20.7081 20.7125 20.7095 20.7114 20.7102 20.711 20.7105 20.7108 20.7106 20.7107 20.7107 20.7107 39.9611 41.8067 41.3205 41.4487 41.4129 41.4252 41.4186 41.4237 41.4194 41.423 41.4201 41.4223 41.4207 41.4218 41.421 41.4216 41.4212 41.4214 41.4213 41.4214 41.4213 41.4214 41.4214 41.4214 41.4214 100 
50 16.6626 21.8277 20.4192 20.7915 20.685 20.7218 20.7038 20.7159 20.7065 20.7139 20.7082 20.7125 20.7094 20.7115 20.7101 20.7111 20.7104 20.7108 20.7106 20.7107 20.7106 20.7107 20.7107 39.9612 41.8065 41.3212 41.4471 41.4152 41.4222 41.422 41.4203 41.4224 41.4204 41.4222 41.4207 41.4218 41.421 41.4216 41.4212 41.4215 41.4213 41.4214 41.4213 41.4214 41.4213 41.4214 41.4214 41.4214 100 
50 16.6687 21.8212 20.4271 20.7828 20.6943 20.7125 20.7125 20.7082 20.713 20.7087 20.7122 20.7095 20.7115 20.7101 20.7111 20.7104 20.7109 20.7106 20.7108 20.7106 20.7107 20.7107 20.7107 39.9611 41.8065 41.3209 41.4478 41.4142 41.4236 41.4203 41.4221 41.4207 41.4219 41.4209 41.4218 41.4211 41.4216 41.4212 41.4215 41.4213 41.4214 41.4213 41.4214 41.4213 41.4214 41.4214 41.4214 41.4214 100 
50 16.6656 21.8244 20.4231 20.7872 20.6894 20.7175 20.7076 20.7126 20.7092 20.7119 20.7097 20.7114 20.7101 20.7111 20.7104 20.7109 20.7105 20.7108 20.7106 20.7107 20.7107 20.7107 20.7107 39.9612 41.8065 41.321 41.4475 41.4146 41.4229 41.4212 41.4212 41.4217 41.421 41.4216 41.4211 41.4215 41.4212 41.4215 41.4213 41.4214 41.4213 41.4214 41.4213 41.4214 41.4214 41.4214 41.4214 41.4214 100 
50 16.6672 21.8228 20.4251 20.785 20.692 20.7149 20.7103 20.7101 20.7114 20.71 20.7113 20.7102 20.7111 20.7104 20.7109 20.7105 20.7108 20.7106 20.7107 20.7106 20.7107 20.7107 20.7107 39.9611 41.8065 41.321 41.4476 41.4144 41.4232 41.4208 41.4216 41.4212 41.4215 41.4212 41.4215 41.4212 41.4215 41.4213 41.4214 41.4213 41.4214 41.4213 41.4214 41.4213 41.4214 41.4214 41.4214 41.4214 100 
50 16.6664 21.8236 20.4241 20.7861 20.6907 20.7163 20.7088 20.7115 20.7101 20.7111 20.7103 20.711 20.7104 20.7109 20.7105 20.7108 20.7106 20.7107 20.7106 20.7107 20.7107 20.7107 20.7107 39.9612 41.8065 41.321 41.4476 41.4145 41.4231 41.421 41.4214 41.4214 41.4213 41.4214 41.4213 41.4214 41.4213 41.4214 41.4213 41.4214 41.4213 41.4214 41.4213 41.4214 41.4214 41.4214 41.4214 41.4214 100 
50 16.6668 21.8232 20.4246 20.7855 20.6913 20.7155 20.7096 20.7108 20.7108 20.7105 20.7109 20.7105 20.7108 20.7106 20.7108 20.7106 20.7107 20.7106 20.7107 20.7107 20.7107 20.7107 20.7107 39.9612 41.8065 41.321 41.4476 41.4145 41.4232 41.4209 41.4215 41.4213 41.4214 41.4213 41.4214 41.4213 41.4214 41.4213 41.4214 41.4213 41.4214 41.4213 41.4214 41.4214 41.4214 41.4214 41.4214 41.4214 100 
50 16.6666 21.8234 20.4244 20.7858 20.691 20.7159 20.7092 20.7112 20.7104 20.7108 20.7105 20.7108 20.7106 20.7108 20.7106 20.7107 20.7106 20.7107 20.7107 20.7107 20.7107 20.7107 20.7107 39.9612 41.8065 41.321 41.4476 41.4145 41.4231 41.4209 41.4215 41.4213 41.4213 41.4214 41.4213 41.4214 41.4213 41.4214 41.4213 41.4214 41.4213 41.4214 41.4214 41.4214 41.4214 41.4214 41.4214 41.4214 100 
50 16.6667 21.8233 20.4245 20.7857 20.6912 20.7157 20.7094 20.711 20.7107 20.7106 20.7107 20.7106 20.7107 20.7106 20.7107 20.7106 20.7107 20.7107 20.7107 20.7107 20.7107 20.7107 20.7107 39.9612 41.8065 41.321 41.4476 41.4145 41.4231 41.4209 41.4215 41.4213 41.4214 41.4213 41.4214 41.4213 41.4214 41.4213 41.4214 41.4213 41.4214 41.4214 41.4214 41.4214 41.4214 41.4214 41.4214 41.4214 100 
50 16.6667 21.8234 20.4244 20.7858 20.6911 20.7158 20.7093 20.7111 20.7105 20.7107 20.7106 20.7107 20.7106 20.7107 20.7107 20.7107 20.7107 20.7107 20.7107 20.7107 20.7107 20.7107 20.7107 39.9612 41.8065 41.321 41.4476 41.4145 41.4231 41.4209 41.4215 41.4213 41.4214 41.4214 41.4213 41.4214 41.4213 41.4214 41.4214 41.4214 41.4214 41.4214 41.4214 41.4214 41.4214 41.4214 41.4214 41.4214 100 
50 16.6667 21.8233 20.4245 20.7857 20.6911 20.7158 20.7094 20.711 20.7106 20.7107 20.7107 20.7107 20.7107 20.7107 20.7107 20.7107 20.7107 20.7107 20.7107 20.7107 20.7107 20.7107 20.7107 39.9612 41.8065 41.321 41.4476 41.4145 41.4231 41.4209 41.4215 41.4213 41.4214 41.4214 41.4214 41.4214 41.4214 41.4214 41.4214 41.4214 41.4214 41.4214 41.4214 41.4214 41.4214 41.4214 41.4214 41.4214 100 
50 16.6667 21.8234 20.4245 20.7857 20.6911 20.7158 20.7093 20.711 20.7106 20.7107 20.7107 20.7107 20.7107 20.7107 20.7107 20.7107 20.7107 20.7107 20.7107 20.7107 20.7107 20.7107 20.7107 39.9612 41.8065 41.321 41.4476 41.4145 41.4231 41.4209 41.4215 41.4213 41.4214 41.4214 41.4214 41.4214 41.4214 41.4214 41.4214 41.4214 41.4214 41.4214 41.4214 41.4214 41.4214 41.4214 41.4214 41.4214 100 
50 16.6667 21.8233 20.4245 20.7857 20.6911 20.7158 20.7093 20.711 20.7106 20.7107 20.7107 20.7107 20.7107 20.7107 20.7107 20.7107 20.7107 20.7107 20.7107 20.7107 20.7107 20.7107 20.7107 39.9612 41.8065 41.321 41.4476 41.4145 41.4231 41.4209 41.4215 41.4213 41.4214 41.4214 41.4214 41.4214 41.4214 41.4214 41.4214 41.4214 41.4214 41.4214 41.4214 41.4214 41.4214 41.4214 41.4214 41.4214 100 
50 16.6667 21.8234 20.4245 20.7857 20.6911 20.7158 20.7093 20.711 20.7106 20.7107 20.7107 20.7107 20.7107 20.7107 20.7107 20.7107 20.7107 20.7107 20.7107 20.7107 20.7107 20.7107 20.7107 39.9612 41.8065 41.321 41.4476 41.4145 41.4231 41.4209 41.4215 41.4213 41.4214 41.4214 41.4214 41.4214 41.4214 41.4214 41.4214 41.4214 41.4214 41.4214 41.4214 41.4214 41.4214 41.4214 41.4214 41.4214 100 
50 16.6667 21.8234 20.4245 20.7857 20.6911 20.7158 20.7093 20.711 20.7106 20.7107 20.7107 20.7107 20.7107 20.7107 20.7107 20.7107 20.7107 20.7107 20.7107 20.7107 20.7107 20.7107 20.7107 39.9612 41.8065 41.321 41.4476 41.4145 41.4231 41.4209 41.4215 41.4213 41.4214 41.4214 41.4214 41.4214 41.4214 41.4214 41.4214 41.4214 41.4214 41.4214 41.4214 41.4214 41.4214 41.4214 41.4214 41.4214 100 
50 16.6667 21.8234 20.4245 20.7857 20.6911 20.7158 20.7093 20.711 20.7106 20.7107 20.7107 20.7107 20.7107 20.7107 20.7107 20.7107 20.7107 20.7107 20.7107 20.7107 20.7107 20.7107 20.7107 39.9612 41.8065 41.321 41.4476 41.4145 41.4231 41.4209 41.4215 41.4213 41.4214 41.4214 41.4214 41.4214 41.4214 41.4214 41.4214 41.4214 41.4214 41.4214 41.4214 41.4214 41.4214 41.4214 41.4214 41.4214 100 
50 16.6667 21.8234 20.4245 20.7857 20.6911 20.7158 20.7093 20.711 20.7106 20.7107 20.7107 20.7107 20.7107 20.7107 20.7107 20.7107 20.7107 20.7107 20.7107 20.7107 20.7107 20.7107 20.7107 39.9612 41.8065 41.321 41.4476 41.4145 41.4231 41.4209 41.4215 41.4213 41.4214 41.4214 41.4214 41.4214 41.4214 41.4214 41.4214 41.4214 41.4214 41.4214 41.4214 41.4214 41.4214 41.4214 41.4214 41.4214 100 
50 16.6667 21.8234 20.4245 20.7857 20.6911 20.7158 20.7093 20.711 20.7106 20.7107 20.7107 20.7107 20.7107 20.7107 20.7107 20.7107 20.7107 20.7107 20.7107 20.7107 20.7107 20.7107 20.7107 39.9612 41.8065 41.321 41.4476 41.4145 41.4231 41.4209 41.4215 41.4213 41.4214 41.4214 41.4214 41.4214 41.4214 41.4214 41.4214 41.4214 41.4214 41.4214 41.4214 41.4214 41.4214 41.4214 41.4214 41.4214 100 
50 16.6667 21.8234 20.4245 20.7857 20.6911 20.7158 20.7093 20.711 20.7106 20.7107 20.7107 20.7107 20.7107 20.7107 20.7107 20.7107 20.7107 20.7107 20.7107 20.7107 20.7107 20.7107 20.7107 39.9612 41.8065 41.321 41.4476 41.4145 41.4231 41.4209 41.4215 41.4213 41.4214 41.4214 41.4214 41.4214 41.4214 41.4214 41.4214 41.4214 41.4214 41.4214 41.4214 41.4214 41.4214 41.4214 41.4214 41.4214 100 
50 16.6667 21.8234 20.4245 20.7857 20.6911 20.7158 20.7093 20.711 20.7106 20.7107 20.7107 20.7107 20.7107 20.7107 20.7107 20.7107 20.7107 20.7107 20.7107 20.7107 20.7107 20.7107 20.7107 39.9612 41.8065 41.321 41.4476 41.4145 41.4231 41.4209 41.4215 41.4213 41.4214 41.4214 41.4214 41.4214 41.4214 41.4214 41.4214 41.4214 41.4214 41.4214 41.4214 41.4214 41.4214 41.4214 41.4214 41.4214 100 
50 16.6667 21.8234 20.4245 20.7857 20.6911 20.7158 20.7093 20.711 20.7106 20.7107 20.7107 20.7107 20.7107 20.7107 20.7107 20.7107 20.7107 20.7107 20.7107 20.7107 20.7107 20.7107 20.7107 39.9612 41.8065 41.321 41.4476 41.4145 41.4231 41.4209 41.4215 41.4213 41.4214 41.4214 41.4214 41.4214 41.4214 41.4214 41.4214 41.4214 41.4214 41.4214 41.4214 41.4214 41.4214 41.4214 41.4214 41.4214 100 
50 16.6667 21.8234 20.4245 20.7857 20.6911 20.7158 20.7093 20.711 20.7106 20.7107 20.7107 20.7107 20.7107 20.7107 20.7107 20.7107 20.7107 20.7107 20.7107 20.7107 20.7107 20.7107 20.7107 39.9612 41.8065 41.321 41.4476 41.4145 41.4231 41.4209 41.4215 41.4213 41.4214 41.4214 41.4214 41.4214 41.4214 41.4214 41.4214 41.4214 41.4214 41.4214 41.4214 41.4214 41.4214 41.4214 41.4214 41.4214 100 
50 16.6667 21.8234 20.4245 20.7857 20.6911 20.7158 20.7093 20.711 20.7106 20.7107 20.7107 20.7107 20.7107 20.7107 20.7107 20.7107 20.7107 20.7107 20.7107 20.7107 20.7107 20.7107 20.7107 39.9612 41.8065 41.321 41.4476 41.4145 41.4231 41.4209 41.4215 41.4213 41.4214 41.4214 41.4214 41.4214 41.4214 41.4214 41.4214 41.4214 41.4214 41.4214 41.4214 41.4214 41.4214 41.4214 41.4214 41.4214 100 
50 16.6667 21.8234 20.4245 20.7857 20.6911 20.7158 20.7093 20.711 20.7106 20.7107 20.7107 20.7107 20.7107 20.7107 20.7107 20.7107 20.7107 20.7107 20.7107 20.7107 20.7107 20.7107 20.7107 39.9612 41.8065 41.321 41.4476 41.4145 41.4231 41.4209 41.4215 41.4213 41.4214 41.4214 41.4214 41.4214 41.4214 41.4214 41.4214 41.4214 41.4214 41.4214 41.4214 41.4214 41.4214 41.4214 41.4214 41.4214 100 
50 16.6667 21.8234 20.4245 20.7857 20.6911 20.7158 20.7093 20.711 20.7106 20.7107 20.7107 20.7107 20.7107 20.7107 20.7107 20.7107 20.7107 20.7107 20.7107 20.7107 20.7107 20.7107 20.7107 39.9612 41.8065 41.321 41.4476 41.4145 41.4231 41.4209 41.4215 41.4213 41.4214 41.4214 41.4214 41.4214 41.4214 41.4214 41.4214 41.4214 41.4214 41.4214 41.4214 41.4214 41.4214 41.4214 41.4214 41.4214 100 
50 16.6667 21.8234 20.4245 20.7857 20.6911 20.7158 20.7093 20.711 20.7106 20.7107 20.7107 20.7107 20.7107 20.7107 20.7107 20.7107 20.7107 20.7107 20.7107 20.7107 20.7107 20.7107 20.7107 39.9612 41.8065 41.321 41.4476 41.4145 41.4231 41.4209 41.4215 41.4213 41.4214 41.4214 41.4214 41.4214 41.4214 41.4214 41.4214 41.4214 41.4214 41.4214 41.4214 41.4214 41.4214 41.4214 41.4214 41.4214 100 
50 16.6667 21.8234 20.4245 20.7857 20.6911 20.7158 20.7093 20.711 20.7106 20.7107 20.7107 20.7107 20.7107 20.7107 20.7107 20.7107 20.7107 20.7107 20.7107 20.7107 20.7107 20.7107 20.7107 39.9612 41.8065 41.321 41.4476 41.4145 41.4231 41.4209 41.4215 41.4213 41.4214 41.4214 41.4214 41.4214 41.4214 41.4214 41.4214 41.4214 41.4214 41.4214 41.4214 41.4214 41.4214 41.4214 41.4214 41.4214 100 
50 16.6667 21.8234 20.4245 20.7857 20.6911 20.7158 20.7093 20.711 20.7106 20.7107 20.7107 20.7107 20.7107 20.7107 20.7107 20.7107 20.7107 20.7107 20.7107 20.7107 20.7107 20.7107 20.7107 39.9612 41.8065 41.321 41.4476 41.4145 41.4231 41.4209 41.4215 41.4213 41.4214 41.4214 41.4214 41.4214 41.4214 41.4214 41.4214 41.4214 41.4214 41.4214 41.4214 41.4214 41.4214 41.4214 41.4214 41.4214 100 
50 16.6667 21.8234 20.4245 20.7857 20.6911 20.7158 20.7093 20.711 20.7106 20.7107 20.7107 20.7107 20.7107 20.7107 20.7107 20.7107 20.7107 20.7107 20.7107 20.7107 20.7107 20.7107 20.7107 39.9612 41.8065 41.321 41.4476 41.4145 41.4231 41.4209 41.4215 41.4213 41.4214 41.4214 41.4214 41.4214 41.4214 41.4214 41.4214 41.4214 41.4214 41.4214 41.4214 41.4214 41.4214 41.4214 41.4214 41.4214 100 
50 16.6667 21.8234 20.4245 20.7857 20.6911 20.7158 20.7093 20.711 20.7106 20.7107 20.7107 20.7107 20.7107 20.7107 20.7107 20.7107 20.7107 20.7107 20.7107 20.7107 20.7107 20.7107 20.7107 39.9612 41.8065 41.321 41.4476 41.4145 41.4231 41.4209 41.4215 41.4213 41.4214 41.4214 41.4214 41.4214 41.4214 41.4214 41.4214 41.4214 41.4214 41.4214 41.4214 41.4214 41.4214 41.4214 41.4214 41.4214 100 
50 16.6667 21.8234 20.4245 20.7857 20.6911 20.7158 20.7093 20.711 20.7106 20.7107 20.7107 20.7107 20.7107 20.7107 20.7107 20.7107 20.7107 20.7107 20.7107 20.7107 20.7107 20.7107 20.7107 39.9612 41.8065 41.321 41.4476 41.4145 41.4231 41.4209 41.4215 41.4213 41.4214 41.4214 41.4214 41.4214 41.4214 41.4214 41.4214 41.4214 41.4214 41.4214 41.4214 41.4214 41.4214 41.4214 41.4214 41.4214 100 
50 16.6667 21.8234 20.4245 20.7857 20.6911 20.7158 20.7093 20.711 20.7106 20.7107 20.7107 20.7107 20.7107 20.7107 20.7107 20.7107 20.7107 20.7107 20.7107 20.7107 20.7107 20.7107 20.7107 39.9612 41.8065 41.321 41.4476 41.4145 41.4231 41.4209 41.4215 41.4213 41.4214 41.4214 41.4214 41.4214 41.4214 41.4214 41.4214 41.4214 41.4214 41.4214 41.4214 41.4214 41.4214 41.4214 41.4214 41.4214 100 
50 16.6667 21.8234 20.4245 20.7857 20.6911 20.7158 20.7093 20.711 20.7106 20.7107 20.7107 20.7107 20.7107 20.7107 20.7107 20.7107 20.7107 20.7107 20.7107 20.7107 20.7107 20.7107 20.7107 39.9612 41.8065 41.321 41.4476 41.4145 41.4231 41.4209 41.4215 41.4213 41.4214 41.4214 41.4214 41.4214 41.4214 41.4214 41.4214 41.4214 41.4214 41.4214 41.4214 41.4214 41.4214 41.4214 41.4214 41.4214 100 
50 16.6667 21.8234 20.4245 20.7857 20.6911 20.7158 20.7093 20.711 20.7106 20.7107 20.7107 20.7107 20.7107 20.7107 20.7107 20.7107 20.7107 20.7107 20.7107 20.7107 20.7107 20.7107 20.7107 39.9612 41.8065 41.321 41.4476 41.4145 41.4231 41.4209 41.4215 41.4213 41.4214 41.4214 41.4214 41.4214 41.4214 41.4214 41.4214 41.4214 41.4214 41.4214 41.4214 41.4214 41.4214 41.4214 41.4214 41.4214 100 
50 16.6667 21.8234 20.4245 20.7857 20.6911 20.7158 20.7093 20.711 20.7106 20.7107 20.7107 20.7107 20.7107 20.7107 20.7107 20.7107 20.7107 20.7107 20.7107 20.7107 20.7107 20.7107 20.7107 39.9612 41.8065 41.321 41.4476 41.4145 41.4231 41.4209 41.4215 41.4213 41.4214 41.4214 41.4214 41.4214 41.4214 41.4214 41.4214 41.4214 41.4214 41.4214 41.4214 41.4214 41.4214 41.4214 41.4214 41.4214 100 
50 16.6667 21.8234 20.4245 20.7857 20.6911 20.7158 20.7093 20.711 20.7106 20.7107 20.7107 20.7107 20.7107 20.7107 20.7107 20.7107 20.7107 20.7107 20.7107 20.7107 20.7107 20.7107 20.7107 39.9612 41.8065 41.321 41.4476 41.4145 41.4231 41.4209 41.4215 41.4213 41.4214 41.4214 41.4214 41.4214 41.4214 41.4214 41.4214 41.4214 41.4214 41.4214 41.4214 41.4214 41.4214 41.4214 41.4214 41.4214 100 
50 16.6667 21.8234 20.4245 20.7857 20.6911 20.7158 20.7093 20.711 20.7106 20.7107 20.7107 20.7107 20.7107 20.7107 20.7107 20.7107 20.7107 20.7107 20.7107 20.7107 20.7107 20.7107 20.7107 39.9612 41.8065 41.321 41.4476 41.4145 41.4231 41.4209 41.4215 41.4213 41.4214 41.4214 41.4214 41.4214 41.4214 41.4214 41.4214 41.4214 41.4214 41.4214 41.4214 41.4214 41.4214 41.4214 41.4214 41.4214 100 
50 50 50 50 50 50 50 50 50 50 50 50 50 50 50 50 50 50 50 50 50 50 50 50 50 100 100 100 100 100 100 100 100 100 100 100 100 100 100 100 100 100 100 100 100 100 100 100 100 100 
